Here are all 20 switches as 12×12 matrices:

```
S0 switch(0,1,a0):
        0       1       2       3       4       5       6       7       8       9      10      11
r 0 |   1      a0       0       0       0       0       0       0       0       0       0       0
r 1 |   1  a0+1         0       0       0       0       0       0       0       0       0       0
r 2 |   0       0       1       0       0       0       0       0       0       0       0       0
r 3 |   0       0       0       1       0       0       0       0       0       0       0       0
r 4 |   0       0       0       0       1       0       0       0       0       0       0       0
r 5 |   0       0       0       0       0       1       0       0       0       0       0       0
r 6 |   0       0       0       0       0       0       1       0       0       0       0       0
r 7 |   0       0       0       0       0       0       0       1       0       0       0       0
r 8 |   0       0       0       0       0       0       0       0       1       0       0       0
r 9 |   0       0       0       0       0       0       0       0       0       1       0       0
r10 |   0       0       0       0       0       0       0       0       0       0       1       0
r11 |   0       0       0       0       0       0       0       0       0       0       0       1

S1 switch(2,3,a1):
        0       1       2       3       4       5       6       7       8       9      10      11
r 0 |   1       0       0       0       0       0       0       0       0       0       0       0
r 1 |   0       1       0       0       0       0       0       0       0       0       0       0
r 2 |   0       0       1      a1       0       0       0       0       0       0       0       0
r 3 |   0       0       1  a1+1         0       0       0       0       0       0       0       0
r 4 |   0       0       0       0       1       0       0       0       0       0       0       0
r 5 |   0       0       0       0       0       1       0       0       0       0       0       0
r 6 |   0       0       0       0       0       0       1       0       0       0       0       0
r 7 |   0       0       0       0       0       0       0       1       0       0       0       0
r 8 |   0       0       0       0       0       0       0       0       1       0       0       0
r 9 |   0       0       0       0       0       0       0       0       0       1       0       0
r10 |   0       0       0       0       0       0       0       0       0       0       1       0
r11 |   0       0       0       0       0       0       0       0       0       0       0       1

S2 switch(0,2,a2):
        0       1       2       3       4       5       6       7       8       9      10      11
r 0 |   1       0      a2       0       0       0       0       0       0       0       0       0
r 1 |   0       1       0       0       0       0       0       0       0       0       0       0
r 2 |   1       0  a2+1         0       0       0       0       0       0       0       0       0
r 3 |   0       0       0       1       0       0       0       0       0       0       0       0
r 4 |   0       0       0       0       1       0       0       0       0       0       0       0
r 5 |   0       0       0       0       0       1       0       0       0       0       0       0
r 6 |   0       0       0       0       0       0       1       0       0       0       0       0
r 7 |   0       0       0       0       0       0       0       1       0       0       0       0
r 8 |   0       0       0       0       0       0       0       0       1       0       0       0
r 9 |   0       0       0       0       0       0       0       0       0       1       0       0
r10 |   0       0       0       0       0       0       0       0       0       0       1       0
r11 |   0       0       0       0       0       0       0       0       0       0       0       1

S3 switch(1,3,a3):
        0       1       2       3       4       5       6       7       8       9      10      11
r 0 |   1       0       0       0       0       0       0       0       0       0       0       0
r 1 |   0       1       0      a3       0       0       0       0       0       0       0       0
r 2 |   0       0       1       0       0       0       0       0       0       0       0       0
r 3 |   0       1       0  a3+1         0       0       0       0       0       0       0       0
r 4 |   0       0       0       0       1       0       0       0       0       0       0       0
r 5 |   0       0       0       0       0       1       0       0       0       0       0       0
r 6 |   0       0       0       0       0       0       1       0       0       0       0       0
r 7 |   0       0       0       0       0       0       0       1       0       0       0       0
r 8 |   0       0       0       0       0       0       0       0       1       0       0       0
r 9 |   0       0       0       0       0       0       0       0       0       1       0       0
r10 |   0       0       0       0       0       0       0       0       0       0       1       0
r11 |   0       0       0       0       0       0       0       0       0       0       0       1

S4 switch(4,5,a4):
        0       1       2       3       4       5       6       7       8       9      10      11
r 0 |   1       0       0       0       0       0       0       0       0       0       0       0
r 1 |   0       1       0       0       0       0       0       0       0       0       0       0
r 2 |   0       0       1       0       0       0       0       0       0       0       0       0
r 3 |   0       0       0       1       0       0       0       0       0       0       0       0
r 4 |   0       0       0       0       1      a4       0       0       0       0       0       0
r 5 |   0       0       0       0       1  a4+1         0       0       0       0       0       0
r 6 |   0       0       0       0       0       0       1       0       0       0       0       0
r 7 |   0       0       0       0       0       0       0       1       0       0       0       0
r 8 |   0       0       0       0       0       0       0       0       1       0       0       0
r 9 |   0       0       0       0       0       0       0       0       0       1       0       0
r10 |   0       0       0       0       0       0       0       0       0       0       1       0
r11 |   0       0       0       0       0       0       0       0       0       0       0       1

S5 switch(6,7,a5):
        0       1       2       3       4       5       6       7       8       9      10      11
r 0 |   1       0       0       0       0       0       0       0       0       0       0       0
r 1 |   0       1       0       0       0       0       0       0       0       0       0       0
r 2 |   0       0       1       0       0       0       0       0       0       0       0       0
r 3 |   0       0       0       1       0       0       0       0       0       0       0       0
r 4 |   0       0       0       0       1       0       0       0       0       0       0       0
r 5 |   0       0       0       0       0       1       0       0       0       0       0       0
r 6 |   0       0       0       0       0       0       1      a5       0       0       0       0
r 7 |   0       0       0       0       0       0       1  a5+1         0       0       0       0
r 8 |   0       0       0       0       0       0       0       0       1       0       0       0
r 9 |   0       0       0       0       0       0       0       0       0       1       0       0
r10 |   0       0       0       0       0       0       0       0       0       0       1       0
r11 |   0       0       0       0       0       0       0       0       0       0       0       1

S6 switch(4,6,a6):
        0       1       2       3       4       5       6       7       8       9      10      11
r 0 |   1       0       0       0       0       0       0       0       0       0       0       0
r 1 |   0       1       0       0       0       0       0       0       0       0       0       0
r 2 |   0       0       1       0       0       0       0       0       0       0       0       0
r 3 |   0       0       0       1       0       0       0       0       0       0       0       0
r 4 |   0       0       0       0       1       0      a6       0       0       0       0       0
r 5 |   0       0       0       0       0       1       0       0       0       0       0       0
r 6 |   0       0       0       0       1       0  a6+1         0       0       0       0       0
r 7 |   0       0       0       0       0       0       0       1       0       0       0       0
r 8 |   0       0       0       0       0       0       0       0       1       0       0       0
r 9 |   0       0       0       0       0       0       0       0       0       1       0       0
r10 |   0       0       0       0       0       0       0       0       0       0       1       0
r11 |   0       0       0       0       0       0       0       0       0       0       0       1

S7 switch(5,7,a7):
        0       1       2       3       4       5       6       7       8       9      10      11
r 0 |   1       0       0       0       0       0       0       0       0       0       0       0
r 1 |   0       1       0       0       0       0       0       0       0       0       0       0
r 2 |   0       0       1       0       0       0       0       0       0       0       0       0
r 3 |   0       0       0       1       0       0       0       0       0       0       0       0
r 4 |   0       0       0       0       1       0       0       0       0       0       0       0
r 5 |   0       0       0       0       0       1       0      a7       0       0       0       0
r 6 |   0       0       0       0       0       0       1       0       0       0       0       0
r 7 |   0       0       0       0       0       1       0  a7+1         0       0       0       0
r 8 |   0       0       0       0       0       0       0       0       1       0       0       0
r 9 |   0       0       0       0       0       0       0       0       0       1       0       0
r10 |   0       0       0       0       0       0       0       0       0       0       1       0
r11 |   0       0       0       0       0       0       0       0       0       0       0       1

S8 switch(8,9,a8):
        0       1       2       3       4       5       6       7       8       9      10      11
r 0 |   1       0       0       0       0       0       0       0       0       0       0       0
r 1 |   0       1       0       0       0       0       0       0       0       0       0       0
r 2 |   0       0       1       0       0       0       0       0       0       0       0       0
r 3 |   0       0       0       1       0       0       0       0       0       0       0       0
r 4 |   0       0       0       0       1       0       0       0       0       0       0       0
r 5 |   0       0       0       0       0       1       0       0       0       0       0       0
r 6 |   0       0       0       0       0       0       1       0       0       0       0       0
r 7 |   0       0       0       0       0       0       0       1       0       0       0       0
r 8 |   0       0       0       0       0       0       0       0       1      a8       0       0
r 9 |   0       0       0       0       0       0       0       0       1  a8+1         0       0
r10 |   0       0       0       0       0       0       0       0       0       0       1       0
r11 |   0       0       0       0       0       0       0       0       0       0       0       1

S9 switch(10,11,a9):
        0       1       2       3       4       5       6       7       8       9      10      11
r 0 |   1       0       0       0       0       0       0       0       0       0       0       0
r 1 |   0       1       0       0       0       0       0       0       0       0       0       0
r 2 |   0       0       1       0       0       0       0       0       0       0       0       0
r 3 |   0       0       0       1       0       0       0       0       0       0       0       0
r 4 |   0       0       0       0       1       0       0       0       0       0       0       0
r 5 |   0       0       0       0       0       1       0       0       0       0       0       0
r 6 |   0       0       0       0       0       0       1       0       0       0       0       0
r 7 |   0       0       0       0       0       0       0       1       0       0       0       0
r 8 |   0       0       0       0       0       0       0       0       1       0       0       0
r 9 |   0       0       0       0       0       0       0       0       0       1       0       0
r10 |   0       0       0       0       0       0       0       0       0       0       1      a9
r11 |   0       0       0       0       0       0       0       0       0       0       1  a9+1

S10 switch(8,10,a10):
        0       1       2       3       4       5       6       7       8       9      10      11
r 0 |   1       0       0       0       0       0       0       0       0       0       0       0
r 1 |   0       1       0       0       0       0       0       0       0       0       0       0
r 2 |   0       0       1       0       0       0       0       0       0       0       0       0
r 3 |   0       0       0       1       0       0       0       0       0       0       0       0
r 4 |   0       0       0       0       1       0       0       0       0       0       0       0
r 5 |   0       0       0       0       0       1       0       0       0       0       0       0
r 6 |   0       0       0       0       0       0       1       0       0       0       0       0
r 7 |   0       0       0       0       0       0       0       1       0       0       0       0
r 8 |   0       0       0       0       0       0       0       0       1       0     a10       0
r 9 |   0       0       0       0       0       0       0       0       0       1       0       0
r10 |   0       0       0       0       0       0       0       0       1       0  a10+1        0
r11 |   0       0       0       0       0       0       0       0       0       0       0       1

S11 switch(9,11,a11):
        0       1       2       3       4       5       6       7       8       9      10      11
r 0 |   1       0       0       0       0       0       0       0       0       0       0       0
r 1 |   0       1       0       0       0       0       0       0       0       0       0       0
r 2 |   0       0       1       0       0       0       0       0       0       0       0       0
r 3 |   0       0       0       1       0       0       0       0       0       0       0       0
r 4 |   0       0       0       0       1       0       0       0       0       0       0       0
r 5 |   0       0       0       0       0       1       0       0       0       0       0       0
r 6 |   0       0       0       0       0       0       1       0       0       0       0       0
r 7 |   0       0       0       0       0       0       0       1       0       0       0       0
r 8 |   0       0       0       0       0       0       0       0       1       0       0       0
r 9 |   0       0       0       0       0       0       0       0       0       1       0     a11
r10 |   0       0       0       0       0       0       0       0       0       0       1       0
r11 |   0       0       0       0       0       0       0       0       0       1       0  a11+1

S12 switch(4,8,a12):
        0       1       2       3       4       5       6       7       8       9      10      11
r 0 |   1       0       0       0       0       0       0       0       0       0       0       0
r 1 |   0       1       0       0       0       0       0       0       0       0       0       0
r 2 |   0       0       1       0       0       0       0       0       0       0       0       0
r 3 |   0       0       0       1       0       0       0       0       0       0       0       0
r 4 |   0       0       0       0       1       0       0       0     a12       0       0       0
r 5 |   0       0       0       0       0       1       0       0       0       0       0       0
r 6 |   0       0       0       0       0       0       1       0       0       0       0       0
r 7 |   0       0       0       0       0       0       0       1       0       0       0       0
r 8 |   0       0       0       0       1       0       0       0  a12+1        0       0       0
r 9 |   0       0       0       0       0       0       0       0       0       1       0       0
r10 |   0       0       0       0       0       0       0       0       0       0       1       0
r11 |   0       0       0       0       0       0       0       0       0       0       0       1

S13 switch(5,9,a13):
        0       1       2       3       4       5       6       7       8       9      10      11
r 0 |   1       0       0       0       0       0       0       0       0       0       0       0
r 1 |   0       1       0       0       0       0       0       0       0       0       0       0
r 2 |   0       0       1       0       0       0       0       0       0       0       0       0
r 3 |   0       0       0       1       0       0       0       0       0       0       0       0
r 4 |   0       0       0       0       1       0       0       0       0       0       0       0
r 5 |   0       0       0       0       0       1       0       0       0     a13       0       0
r 6 |   0       0       0       0       0       0       1       0       0       0       0       0
r 7 |   0       0       0       0       0       0       0       1       0       0       0       0
r 8 |   0       0       0       0       0       0       0       0       1       0       0       0
r 9 |   0       0       0       0       0       1       0       0       0  a13+1        0       0
r10 |   0       0       0       0       0       0       0       0       0       0       1       0
r11 |   0       0       0       0       0       0       0       0       0       0       0       1

S14 switch(6,10,a14):
        0       1       2       3       4       5       6       7       8       9      10      11
r 0 |   1       0       0       0       0       0       0       0       0       0       0       0
r 1 |   0       1       0       0       0       0       0       0       0       0       0       0
r 2 |   0       0       1       0       0       0       0       0       0       0       0       0
r 3 |   0       0       0       1       0       0       0       0       0       0       0       0
r 4 |   0       0       0       0       1       0       0       0       0       0       0       0
r 5 |   0       0       0       0       0       1       0       0       0       0       0       0
r 6 |   0       0       0       0       0       0       1       0       0       0     a14       0
r 7 |   0       0       0       0       0       0       0       1       0       0       0       0
r 8 |   0       0       0       0       0       0       0       0       1       0       0       0
r 9 |   0       0       0       0       0       0       0       0       0       1       0       0
r10 |   0       0       0       0       0       0       1       0       0       0  a14+1        0
r11 |   0       0       0       0       0       0       0       0       0       0       0       1

S15 switch(7,11,a15):
        0       1       2       3       4       5       6       7       8       9      10      11
r 0 |   1       0       0       0       0       0       0       0       0       0       0       0
r 1 |   0       1       0       0       0       0       0       0       0       0       0       0
r 2 |   0       0       1       0       0       0       0       0       0       0       0       0
r 3 |   0       0       0       1       0       0       0       0       0       0       0       0
r 4 |   0       0       0       0       1       0       0       0       0       0       0       0
r 5 |   0       0       0       0       0       1       0       0       0       0       0       0
r 6 |   0       0       0       0       0       0       1       0       0       0       0       0
r 7 |   0       0       0       0       0       0       0       1       0       0       0     a15
r 8 |   0       0       0       0       0       0       0       0       1       0       0       0
r 9 |   0       0       0       0       0       0       0       0       0       1       0       0
r10 |   0       0       0       0       0       0       0       0       0       0       1       0
r11 |   0       0       0       0       0       0       0       1       0       0       0  a15+1

S16 switch(0,8,a16):
        0       1       2       3       4       5       6       7       8       9      10      11
r 0 |   1       0       0       0       0       0       0       0     a16       0       0       0
r 1 |   0       1       0       0       0       0       0       0       0       0       0       0
r 2 |   0       0       1       0       0       0       0       0       0       0       0       0
r 3 |   0       0       0       1       0       0       0       0       0       0       0       0
r 4 |   0       0       0       0       1       0       0       0       0       0       0       0
r 5 |   0       0       0       0       0       1       0       0       0       0       0       0
r 6 |   0       0       0       0       0       0       1       0       0       0       0       0
r 7 |   0       0       0       0       0       0       0       1       0       0       0       0
r 8 |   1       0       0       0       0       0       0       0  a16+1        0       0       0
r 9 |   0       0       0       0       0       0       0       0       0       1       0       0
r10 |   0       0       0       0       0       0       0       0       0       0       1       0
r11 |   0       0       0       0       0       0       0       0       0       0       0       1

S17 switch(1,9,a17):
        0       1       2       3       4       5       6       7       8       9      10      11
r 0 |   1       0       0       0       0       0       0       0       0       0       0       0
r 1 |   0       1       0       0       0       0       0       0       0     a17       0       0
r 2 |   0       0       1       0       0       0       0       0       0       0       0       0
r 3 |   0       0       0       1       0       0       0       0       0       0       0       0
r 4 |   0       0       0       0       1       0       0       0       0       0       0       0
r 5 |   0       0       0       0       0       1       0       0       0       0       0       0
r 6 |   0       0       0       0       0       0       1       0       0       0       0       0
r 7 |   0       0       0       0       0       0       0       1       0       0       0       0
r 8 |   0       0       0       0       0       0       0       0       1       0       0       0
r 9 |   0       1       0       0       0       0       0       0       0  a17+1        0       0
r10 |   0       0       0       0       0       0       0       0       0       0       1       0
r11 |   0       0       0       0       0       0       0       0       0       0       0       1

S18 switch(2,10,a18):
        0       1       2       3       4       5       6       7       8       9      10      11
r 0 |   1       0       0       0       0       0       0       0       0       0       0       0
r 1 |   0       1       0       0       0       0       0       0       0       0       0       0
r 2 |   0       0       1       0       0       0       0       0       0       0     a18       0
r 3 |   0       0       0       1       0       0       0       0       0       0       0       0
r 4 |   0       0       0       0       1       0       0       0       0       0       0       0
r 5 |   0       0       0       0       0       1       0       0       0       0       0       0
r 6 |   0       0       0       0       0       0       1       0       0       0       0       0
r 7 |   0       0       0       0       0       0       0       1       0       0       0       0
r 8 |   0       0       0       0       0       0       0       0       1       0       0       0
r 9 |   0       0       0       0       0       0       0       0       0       1       0       0
r10 |   0       0       1       0       0       0       0       0       0       0  a18+1        0
r11 |   0       0       0       0       0       0       0       0       0       0       0       1

S19 switch(3,11,a19):
        0       1       2       3       4       5       6       7       8       9      10      11
r 0 |   1       0       0       0       0       0       0       0       0       0       0       0
r 1 |   0       1       0       0       0       0       0       0       0       0       0       0
r 2 |   0       0       1       0       0       0       0       0       0       0       0       0
r 3 |   0       0       0       1       0       0       0       0       0       0       0     a19
r 4 |   0       0       0       0       1       0       0       0       0       0       0       0
r 5 |   0       0       0       0       0       1       0       0       0       0       0       0
r 6 |   0       0       0       0       0       0       1       0       0       0       0       0
r 7 |   0       0       0       0       0       0       0       1       0       0       0       0
r 8 |   0       0       0       0       0       0       0       0       1       0       0       0
r 9 |   0       0       0       0       0       0       0       0       0       1       0       0
r10 |   0       0       0       0       0       0       0       0       0       0       1       0
r11 |   0       0       0       1       0       0       0       0       0       0       0  a19+1



=== Stage 1 (S0,S1,S2,S3) ===
        0       1       2            3    4  5  6  7  8  9 10 11
r 0 |   1      a0      a2        a1*a2    0  0  0  0  0  0  0  0
r 1 |   1  a0+1        a3    a3*(a1+1)    0  0  0  0  0  0  0  0
r 2 |   1      a0  a2+1      a1*(a2+1)    0  0  0  0  0  0  0  0
r 3 |   1  a0+1    a3+1  (a1+1)*(a3+1)   0  0  0  0  0  0  0  0
r 4 |   0       0      0            0    1  0  0  0  0  0  0  0
r 5 |   0       0      0            0    0  1  0  0  0  0  0  0
r 6 |   0       0      0            0    0  0  1  0  0  0  0  0
r 7 |   0       0      0            0    0  0  0  1  0  0  0  0
r 8 |   0       0      0            0    0  0  0  0  1  0  0  0
r 9 |   0       0      0            0    0  0  0  0  0  1  0  0
r10 |   0       0      0            0    0  0  0  0  0  0  1  0
r11 |   0       0      0            0    0  0  0  0  0  0  0  1

=== Stage 2 (S4,S5,S6,S7) ===
        0  1  2  3       4       5       6            7    8  9 10 11
r 0 |   1  0  0  0       0       0       0            0    0  0  0  0
r 1 |   0  1  0  0       0       0       0            0    0  0  0  0
r 2 |   0  0  1  0       0       0       0            0    0  0  0  0
r 3 |   0  0  0  1       0       0       0            0    0  0  0  0
r 4 |   0  0  0  0       1      a4      a6        a5*a6    0  0  0  0
r 5 |   0  0  0  0       1  a4+1        a7    a7*(a5+1)    0  0  0  0
r 6 |   0  0  0  0       1      a4  a6+1      a5*(a6+1)    0  0  0  0
r 7 |   0  0  0  0       1  a4+1    a7+1  (a5+1)*(a7+1)   0  0  0  0
r 8 |   0  0  0  0       0       0       0            0    1  0  0  0
r 9 |   0  0  0  0       0       0       0            0    0  1  0  0
r10 |   0  0  0  0       0       0       0            0    0  0  1  0
r11 |   0  0  0  0       0       0       0            0    0  0  0  1

=== Stage 3 (S8,S9,S10,S11) ===
        0  1  2  3  4  5  6  7       8       9      10           11
r 0 |   1  0  0  0  0  0  0  0       0       0       0            0
r 1 |   0  1  0  0  0  0  0  0       0       0       0            0
r 2 |   0  0  1  0  0  0  0  0       0       0       0            0
r 3 |   0  0  0  1  0  0  0  0       0       0       0            0
r 4 |   0  0  0  0  1  0  0  0       0       0       0            0
r 5 |   0  0  0  0  0  1  0  0       0       0       0            0
r 6 |   0  0  0  0  0  0  1  0       0       0       0            0
r 7 |   0  0  0  0  0  0  0  1       0       0       0            0
r 8 |   0  0  0  0  0  0  0  0       1      a8     a10        a10*a9
r 9 |   0  0  0  0  0  0  0  0       1  a8+1       a11    a11*(a9+1)
r10 |   0  0  0  0  0  0  0  0       1      a8  a10+1     a9*(a10+1)
r11 |   0  0  0  0  0  0  0  0       1  a8+1    a11+1  (a11+1)*(a9+1)

=== Stage 4 (S12,S13,S14,S15) ===
        0  1  2  3       4       5       6       7      8      9     10     11
r 0 |   1  0  0  0       0       0       0       0      0      0      0      0
r 1 |   0  1  0  0       0       0       0       0      0      0      0      0
r 2 |   0  0  1  0       0       0       0       0      0      0      0      0
r 3 |   0  0  0  1       0       0       0       0      0      0      0      0
r 4 |   0  0  0  0       1       0       0       0    a12      0      0      0
r 5 |   0  0  0  0       0       1       0       0      0    a13      0      0
r 6 |   0  0  0  0       0       0       1       0      0      0    a14      0
r 7 |   0  0  0  0       0       0       0       1      0      0      0    a15
r 8 |   0  0  0  0       1       0       0       0  a12+1      0      0      0
r 9 |   0  0  0  0       0       1       0       0      0  a13+1      0      0
r10 |   0  0  0  0       0       0       1       0      0      0  a14+1      0
r11 |   0  0  0  0       0       0       0       1      0      0      0  a15+1

=== Stage 5 (S16,S17,S18,S19) ===
        0  1  2  3  4  5  6  7      8      9     10     11
r 0 |   1  0  0  0  0  0  0  0    a16      0      0      0
r 1 |   0  1  0  0  0  0  0  0      0    a17      0      0
r 2 |   0  0  1  0  0  0  0  0      0      0    a18      0
r 3 |   0  0  0  1  0  0  0  0      0      0      0    a19
r 4 |   0  0  0  0  1  0  0  0      0      0      0      0
r 5 |   0  0  0  0  0  1  0  0      0      0      0      0
r 6 |   0  0  0  0  0  0  1  0      0      0      0      0
r 7 |   0  0  0  0  0  0  0  1      0      0      0      0
r 8 |   1  0  0  0  0  0  0  0  a16+1      0      0      0
r 9 |   0  1  0  0  0  0  0  0      0  a17+1      0      0
r10 |   0  0  1  0  0  0  0  0      0      0  a18+1      0
r11 |   0  0  0  1  0  0  0  0      0      0      0  a19+1




r 0 | 1  a0   a2   a1*a2          a16   a16*a4        a16*a6        a16*a5*a6        a16*(a12+1)      a16*a8*(a12+1)      a10*a16*(a12+1)      a10*a16*a9*(a12+1)
r 1 | 1  a0+1 a3   a3*(a1+1)      a17   a17*(a4+1)    a17*a7        a17*a7*(a5+1)    a17*(a13+1)      a17*(a13+1)*(a8+1)  a11*a17*(a13+1)      a11*a17*(a13+1)*(a9+1)
r 2 | 1  a0   a2+1 a1*(a2+1)      a18   a18*a4        a18*(a6+1)    a18*a5*(a6+1)    a18*(a14+1)      a18*a8*(a14+1)      a18*(a10+1)*(a14+1)  a18*a9*(a10+1)*(a14+1)
r 3 | 1  a0+1 a3+1 (a1+1)*(a3+1)  a19   a19*(a4+1)    a19*(a7+1)    a19*(a5+1)*(a7+1) a19*(a15+1)    a19*(a15+1)*(a8+1)  a19*(a11+1)*(a15+1)  a19*(a11+1)*(a15+1)*(a9+1)
r 4 | 0  0    0    0               1     a4            a6            a5*a6            a12              a12*a8              a10*a12              a10*a12*a9
r 5 | 0  0    0    0               1     a4+1          a7            a7*(a5+1)        a13              a13*(a8+1)          a11*a13              a11*a13*(a9+1)
r 6 | 0  0    0    0               1     a4            a6+1          a5*(a6+1)        a14              a14*a8              a14*(a10+1)          a14*a9*(a10+1)
r 7 | 0  0    0    0               1     a4+1          a7+1          (a5+1)*(a7+1)    a15              a15*(a8+1)          a15*(a11+1)          a15*(a11+1)*(a9+1)
r 8 | 1  a0   a2   a1*a2          a16+1  a4*(a16+1)    a6*(a16+1)    a5*a6*(a16+1)    (a12+1)*(a16+1)  a8*(a12+1)*(a16+1)  a10*(a12+1)*(a16+1)  a10*a9*(a12+1)*(a16+1)
r 9 | 1  a0+1 a3   a3*(a1+1)      a17+1  (a17+1)*(a4+1) a7*(a17+1)  a7*(a17+1)*(a5+1) (a13+1)*(a17+1) (a13+1)*(a17+1)*(a8+1) a11*(a13+1)*(a17+1) a11*(a13+1)*(a17+1)*(a9+1)
r10 | 1  a0   a2+1 a1*(a2+1)      a18+1  a4*(a18+1)    (a18+1)*(a6+1) a5*(a18+1)*(a6+1) (a14+1)*(a18+1) a8*(a14+1)*(a18+1) (a10+1)*(a14+1)*(a18+1) a9*(a10+1)*(a14+1)*(a18+1)
r11 | 1  a0+1 a3+1 (a1+1)*(a3+1)  a19+1  (a19+1)*(a4+1) (a19+1)*(a7+1) (a19+1)*(a5+1)*(a7+1) (a15+1)*(a19+1) (a15+1)*(a19+1)*(a8+1) (a11+1)*(a15+1)*(a19+1) (a11+1)*(a15+1)*(a19+1)*(a9+1)



```
=== After 4-but stride-1 (S0^T,S1^T) ===
        0       1       2       3    4  5  6  7  8  9 10 11
r 0 |   1       1       0       0    0  0  0  0  0  0  0  0
r 1 |  b0   b0+1        0       0    0  0  0  0  0  0  0  0
r 2 |   0       0       1       1    0  0  0  0  0  0  0  0
r 3 |   0       0      b1   b1+1     0  0  0  0  0  0  0  0
r4-r11: identity

=== After 4-but stride-2 (S2^T,S3^T) ===
        0         1         2              3    4  5  6  7  8  9 10 11
r 0 |   1         1         1              1    0  0  0  0  0  0  0  0
r 1 |  b0     b0+1         b0          b0+1    0  0  0  0  0  0  0  0
r 2 |  b2        b3     b2+1          b3+1    0  0  0  0  0  0  0  0
r 3 |  b1*b2  b3*(b1+1)  b1*(b2+1)  (b1+1)*(b3+1)   0  0  0  0  0  0  0  0
r4-r11: identity

=== After 8-but {4-7} stride-1 (S4^T,S5^T) ===
r0-r3: same
r 4 |  0  0  0  0    1     1     0     0    0  0  0  0
r 5 |  0  0  0  0   b4  b4+1     0     0    0  0  0  0
r 6 |  0  0  0  0    0     0     1     1    0  0  0  0
r 7 |  0  0  0  0    0     0    b5  b5+1    0  0  0  0
r8-r11: identity

=== After 8-but {4-7} stride-2 (S6^T,S7^T) ===
r0-r3: same
r 4 |  0  0  0  0       1       1       1              1    0  0  0  0
r 5 |  0  0  0  0      b4   b4+1       b4          b4+1    0  0  0  0
r 6 |  0  0  0  0      b6      b7   b6+1          b7+1    0  0  0  0
r 7 |  0  0  0  0   b5*b6  b7*(b5+1)  b5*(b6+1)  (b5+1)*(b7+1)   0  0  0  0
r8-r11: identity

=== After 8-but {8-11} stride-1 (S8^T,S9^T) ===
r0-r7: same
r 8 |  0  0  0  0  0  0  0  0    1     1     0     0
r 9 |  0  0  0  0  0  0  0  0   b8  b8+1     0     0
r10 |  0  0  0  0  0  0  0  0    0     0     1     1
r11 |  0  0  0  0  0  0  0  0    0     0    b9  b9+1

=== After 8-but {8-11} stride-2 (S10^T,S11^T) ===
r0-r7: same
r 8 |  0  0  0  0  0  0  0  0       1       1       1              1
r 9 |  0  0  0  0  0  0  0  0      b8   b8+1       b8          b8+1
r10 |  0  0  0  0  0  0  0  0     b10     b11   b10+1         b11+1
r11 |  0  0  0  0  0  0  0  0  b10*b9  b11*(b9+1)  b9*(b10+1)  (b11+1)*(b9+1)

=== After 8-but cross (S12^T-S15^T) ===
r0-r3: same (zeros in cols 4-11)
r 4 |  0  0  0  0      1      1      1      1      1      1      1      1
r 5 |  0  0  0  0     b4  b4+1      b4  b4+1      b4  b4+1      b4  b4+1
r 6 |  0  0  0  0     b6     b7  b6+1  b7+1      b6     b7  b6+1  b7+1
r 7 |  0  0  0  0  b5*b6  b7*(b5+1)  b5*(b6+1)  (b5+1)*(b7+1)  b5*b6  b7*(b5+1)  b5*(b6+1)  (b5+1)*(b7+1)
r 8 |  0  0  0  0    b12    b13    b14    b15  b12+1  b13+1  b14+1  b15+1
r 9 |  0  0  0  0  b12*b8  b13*(b8+1)  b14*b8  b15*(b8+1)  b8*(b12+1)  (b13+1)*(b8+1)  b8*(b14+1)  (b15+1)*(b8+1)
r10 |  0  0  0  0  b10*b12  b11*b13  b14*(b10+1)  b15*(b11+1)  b10*(b12+1)  b11*(b13+1)  (b10+1)*(b14+1)  (b11+1)*(b15+1)
r11 |  0  0  0  0  b10*b12*b9  b11*b13*(b9+1)  b14*b9*(b10+1)  b15*(b11+1)*(b9+1)  b10*b9*(b12+1)  b11*(b13+1)*(b9+1)  b9*(b10+1)*(b14+1)  (b11+1)*(b15+1)*(b9+1)

=== After combine 4x8 (S16^T-S19^T) — final R ===
r 0 |   1      1      1      1    0  0  0  0      1      1      1      1
r 1 |  b0  b0+1     b0  b0+1    0  0  0  0     b0  b0+1     b0  b0+1
r 2 |  b2     b3  b2+1  b3+1    0  0  0  0     b2     b3  b2+1  b3+1
r 3 |  b1*b2  b3*(b1+1)  b1*(b2+1)  (b1+1)*(b3+1)   0  0  0  0  b1*b2  b3*(b1+1)  b1*(b2+1)  (b1+1)*(b3+1)
r 4 |  b16  b17  b18  b19   1   1   1   1  b16+1  b17+1  b18+1  b19+1
r 5 |  b16*b4  b17*(b4+1)  b18*b4  b19*(b4+1)   b4  b4+1   b4  b4+1  b4*(b16+1)  (b17+1)*(b4+1)  b4*(b18+1)  (b19+1)*(b4+1)
r 6 |  b16*b6  b17*b7  b18*(b6+1)  b19*(b7+1)   b6  b7  b6+1  b7+1  b6*(b16+1)  b7*(b17+1)  (b18+1)*(b6+1)  (b19+1)*(b7+1)
r 7 |  b16*b5*b6  b17*b7*(b5+1)  b18*b5*(b6+1)  b19*(b5+1)*(b7+1)  b5*b6  b7*(b5+1)  b5*(b6+1)  (b5+1)*(b7+1)  b5*b6*(b16+1)  b7*(b17+1)*(b5+1)  b5*(b18+1)*(b6+1)  (b19+1)*(b5+1)*(b7+1)
r 8 |  b16*(b12+1)  b17*(b13+1)  b18*(b14+1)  b19*(b15+1)  b12  b13  b14  b15  (b12+1)*(b16+1)  (b13+1)*(b17+1)  (b14+1)*(b18+1)  (b15+1)*(b19+1)
r 9 |  b16*b8*(b12+1)  b17*(b13+1)*(b8+1)  b18*b8*(b14+1)  b19*(b15+1)*(b8+1)  b12*b8  b13*(b8+1)  b14*b8  b15*(b8+1)  b8*(b12+1)*(b16+1)  (b13+1)*(b17+1)*(b8+1)  b8*(b14+1)*(b18+1)  (b15+1)*(b19+1)*(b8+1)
r10 |  b10*b16*(b12+1)  b11*b17*(b13+1)  b18*(b10+1)*(b14+1)  b19*(b11+1)*(b15+1)  b10*b12  b11*b13  b14*(b10+1)  b15*(b11+1)  b10*(b12+1)*(b16+1)  b11*(b13+1)*(b17+1)  (b10+1)*(b14+1)*(b18+1)  (b11+1)*(b15+1)*(b19+1)
r11 |  b10*b16*b9*(b12+1)  b11*b17*(b13+1)*(b9+1)  b18*b9*(b10+1)*(b14+1)  b19*(b11+1)*(b15+1)*(b9+1)  b10*b12*b9  b11*b13*(b9+1)  b14*b9*(b10+1)  b15*(b11+1)*(b9+1)  b10*b9*(b12+1)*(b16+1)  b11*(b13+1)*(b17+1)*(b9+1)  b9*(b10+1)*(b14+1)*(b18+1)  (b11+1)*(b15+1)*(b19+1)*(b9+1)




U*D*R =
        0                   1                   2                   3    4  5  6  7                   8                   9                  10                  11
r 0 |  a0*b0*d1+d0   a0*d1*(b0+1)+d0   a0*b0*d1+d0   a0*d1*(b0+1)+d0   0  0  0  0   a0*b0*d1+d0   a0*d1*(b0+1)+d0   a0*b0*d1+d0   a0*d1*(b0+1)+d0
r 1 |  b0*d1*(a0+1)+d0   d0+d1*(a0+1)*(b0+1)   b0*d1*(a0+1)+d0   d0+d1*(a0+1)*(b0+1)   0  0  0  0   b0*d1*(a0+1)+d0   d0+d1*(a0+1)*(b0+1)   b0*d1*(a0+1)+d0   d0+d1*(a0+1)*(b0+1)
r 2 |  a0*b0*d1+d0   a0*d1*(b0+1)+d0   a0*b0*d1+d0   a0*d1*(b0+1)+d0   0  0  0  0   a0*b0*d1+d0   a0*d1*(b0+1)+d0   a0*b0*d1+d0   a0*d1*(b0+1)+d0
r 3 |  b0*d1*(a0+1)+d0   d0+d1*(a0+1)*(b0+1)   b0*d1*(a0+1)+d0   d0+d1*(a0+1)*(b0+1)   0  0  0  0   b0*d1*(a0+1)+d0   d0+d1*(a0+1)*(b0+1)   b0*d1*(a0+1)+d0   d0+d1*(a0+1)*(b0+1)
r 4 |  0   0   0   0   0  0  0  0   0   0   0   0
r 5 |  0   0   0   0   0  0  0  0   0   0   0   0
r 6 |  0   0   0   0   0  0  0  0   0   0   0   0
r 7 |  0   0   0   0   0  0  0  0   0   0   0   0
r 8 |  a0*b0*d1+d0   a0*d1*(b0+1)+d0   a0*b0*d1+d0   a0*d1*(b0+1)+d0   0  0  0  0   a0*b0*d1+d0   a0*d1*(b0+1)+d0   a0*b0*d1+d0   a0*d1*(b0+1)+d0
r 9 |  b0*d1*(a0+1)+d0   d0+d1*(a0+1)*(b0+1)   b0*d1*(a0+1)+d0   d0+d1*(a0+1)*(b0+1)   0  0  0  0   b0*d1*(a0+1)+d0   d0+d1*(a0+1)*(b0+1)   b0*d1*(a0+1)+d0   d0+d1*(a0+1)*(b0+1)
r10 |  a0*b0*d1+d0   a0*d1*(b0+1)+d0   a0*b0*d1+d0   a0*d1*(b0+1)+d0   0  0  0  0   a0*b0*d1+d0   a0*d1*(b0+1)+d0   a0*b0*d1+d0   a0*d1*(b0+1)+d0
r11 |  b0*d1*(a0+1)+d0   d0+d1*(a0+1)*(b0+1)   b0*d1*(a0+1)+d0   d0+d1*(a0+1)*(b0+1)   0  0  0  0   b0*d1*(a0+1)+d0   d0+d1*(a0+1)*(b0+1)   b0*d1*(a0+1)+d0   d0+d1*(a0+1)*(b0+1)